6.112224448897791262e+00
6.112224448897791262e+00
6.112224448897791262e+00
6.112224448897791262e+00
6.112224448897791262e+00
6.112224448897791262e+00
6.112224448897791262e+00
6.112224448897791262e+00
6.112224448897791262e+00
6.613226452905806241e+00
6.613226452905806241e+00
6.613226452905806241e+00
6.613226452905806241e+00
6.613226452905806241e+00
7.114228456913821219e+00
7.114228456913821219e+00
7.615230460921836197e+00
8.116232464929851176e+00
8.116232464929851176e+00
8.617234468937866154e+00
9.118236472945888238e+00
9.118236472945888238e+00
9.118236472945888238e+00
9.619238476953903216e+00
1.012024048096191819e+01
1.012024048096191819e+01
1.012024048096191819e+01
1.062124248496993317e+01
1.062124248496993317e+01
1.062124248496993317e+01
1.112224448897794815e+01
1.112224448897794815e+01
1.162324649298596313e+01
1.212424849699397811e+01
1.212424849699397811e+01
1.262525050100200019e+01
1.262525050100200019e+01
1.312625250501001517e+01
1.362725450901803015e+01
1.412825651302604513e+01
1.462925851703406011e+01
1.513026052104207508e+01
1.563126252505009006e+01
1.613226452905810504e+01
1.663326653306612002e+01
1.713426853707413500e+01
1.763527054108214998e+01
1.863727454909819414e+01
1.913827655310620912e+01
1.963927855711422410e+01
2.014028056112223908e+01
2.114228456913826903e+01
2.114228456913826903e+01
2.164328657314628401e+01
2.214428857715429899e+01
2.264529058116231397e+01
2.314629258517032895e+01
2.314629258517032895e+01
2.364729458917834393e+01
2.364729458917834393e+01
2.414829659318635890e+01
2.515030060120240307e+01
2.565130260521041805e+01
2.615230460921843303e+01
2.665330661322644801e+01
2.715430861723446299e+01
2.765531062124247796e+01
2.815631262525049294e+01
2.865731462925850792e+01
2.865731462925850792e+01
2.965931863727453788e+01
3.016032064128255286e+01
3.016032064128255286e+01
1.012024048096191819e+01
1.012024048096191819e+01
1.012024048096191819e+01
1.062124248496993317e+01
1.062124248496993317e+01
1.062124248496993317e+01
1.062124248496993317e+01
1.112224448897794815e+01
1.112224448897794815e+01
1.112224448897794815e+01
1.162324649298596313e+01
1.162324649298596313e+01
1.212424849699397811e+01
1.212424849699397811e+01
1.262525050100200019e+01
1.262525050100200019e+01
1.262525050100200019e+01
1.312625250501001517e+01
1.312625250501001517e+01
1.312625250501001517e+01
1.362725450901803015e+01
1.362725450901803015e+01
1.362725450901803015e+01
1.412825651302604513e+01
1.462925851703406011e+01
1.563126252505009006e+01
1.613226452905810504e+01
1.663326653306612002e+01
1.663326653306612002e+01
1.663326653306612002e+01
1.713426853707413500e+01
1.713426853707413500e+01
1.713426853707413500e+01
1.763527054108214998e+01
1.763527054108214998e+01
1.763527054108214998e+01
1.763527054108214998e+01
1.813627254509017916e+01
1.813627254509017916e+01
1.863727454909819414e+01
2.014028056112223908e+01
2.014028056112223908e+01
2.064128256513025406e+01
2.064128256513025406e+01
2.114228456913826903e+01
2.114228456913826903e+01
2.164328657314628401e+01
2.164328657314628401e+01
2.164328657314628401e+01
2.164328657314628401e+01
2.164328657314628401e+01
2.214428857715429899e+01
2.314629258517032895e+01
2.665330661322644801e+01
2.665330661322644801e+01
2.715430861723446299e+01
2.765531062124247796e+01
2.765531062124247796e+01
2.815631262525049294e+01
2.865731462925850792e+01
2.915831663326652290e+01
2.915831663326652290e+01
2.965931863727453788e+01
2.965931863727453788e+01
3.016032064128255286e+01
3.066132264529056783e+01
3.066132264529056783e+01
3.116232464929858281e+01
3.166332665330659779e+01
3.216432865731462698e+01
3.266533066132264196e+01
3.316633266533065694e+01
3.366733466933867192e+01
3.366733466933867192e+01
3.366733466933867192e+01
3.416833667334668689e+01
3.416833667334668689e+01
3.416833667334668689e+01
3.466933867735470187e+01
3.667334669338676179e+01
3.667334669338676179e+01
3.767535070140279174e+01
3.817635270541080672e+01
1.913827655310620912e+01
1.963927855711422410e+01
1.963927855711422410e+01
1.963927855711422410e+01
1.963927855711422410e+01
2.014028056112223908e+01
2.014028056112223908e+01
2.014028056112223908e+01
2.014028056112223908e+01
2.014028056112223908e+01
1.963927855711422410e+01
1.913827655310620912e+01
1.262525050100200019e+01
1.212424849699397811e+01
1.162324649298596313e+01
1.112224448897794815e+01
1.062124248496993317e+01
1.062124248496993317e+01
1.012024048096191819e+01
1.012024048096191819e+01
1.012024048096191819e+01
9.619238476953903216e+00
9.619238476953903216e+00
9.619238476953903216e+00
9.619238476953903216e+00
9.619238476953903216e+00
9.118236472945888238e+00
9.118236472945888238e+00
9.118236472945888238e+00
9.118236472945888238e+00
9.118236472945888238e+00
9.118236472945888238e+00
9.118236472945888238e+00
9.118236472945888238e+00
9.118236472945888238e+00
9.118236472945888238e+00
9.118236472945888238e+00
9.118236472945888238e+00
9.118236472945888238e+00
8.617234468937866154e+00
8.617234468937866154e+00
8.617234468937866154e+00
8.617234468937866154e+00
8.617234468937866154e+00
8.617234468937866154e+00
8.617234468937866154e+00
9.118236472945888238e+00
9.118236472945888238e+00
9.619238476953903216e+00
9.619238476953903216e+00
9.619238476953903216e+00
1.012024048096191819e+01
1.012024048096191819e+01
9.619238476953903216e+00
9.619238476953903216e+00
9.619238476953903216e+00
9.619238476953903216e+00
1.012024048096191819e+01
1.012024048096191819e+01
1.062124248496993317e+01
9.619238476953903216e+00
9.118236472945888238e+00
9.118236472945888238e+00
9.619238476953903216e+00
1.062124248496993317e+01
1.062124248496993317e+01
1.062124248496993317e+01
1.062124248496993317e+01
1.062124248496993317e+01
1.062124248496993317e+01
1.062124248496993317e+01
1.012024048096191819e+01
1.012024048096191819e+01
1.012024048096191819e+01
1.012024048096191819e+01
1.012024048096191819e+01
1.012024048096191819e+01
1.012024048096191819e+01
1.012024048096191819e+01
1.012024048096191819e+01
1.012024048096191819e+01
1.012024048096191819e+01
1.012024048096191819e+01
1.012024048096191819e+01
1.012024048096191819e+01
1.012024048096191819e+01
1.012024048096191819e+01
1.012024048096191819e+01
9.118236472945888238e+00
9.118236472945888238e+00
9.118236472945888238e+00
9.619238476953903216e+00
9.619238476953903216e+00
9.619238476953903216e+00
9.619238476953903216e+00
9.619238476953903216e+00
9.619238476953903216e+00
9.619238476953903216e+00
9.619238476953903216e+00
9.619238476953903216e+00
9.619238476953903216e+00
9.619238476953903216e+00
9.619238476953903216e+00
9.619238476953903216e+00
9.619238476953903216e+00
9.619238476953903216e+00
9.619238476953903216e+00
9.619238476953903216e+00
1.012024048096191819e+01
1.012024048096191819e+01
9.619238476953903216e+00
1.012024048096191819e+01
1.012024048096191819e+01
1.012024048096191819e+01
1.062124248496993317e+01
1.062124248496993317e+01
1.062124248496993317e+01
1.062124248496993317e+01
1.012024048096191819e+01
1.012024048096191819e+01
1.012024048096191819e+01
1.012024048096191819e+01
1.012024048096191819e+01
1.012024048096191819e+01
1.062124248496993317e+01
1.062124248496993317e+01
1.062124248496993317e+01
1.112224448897794815e+01
1.112224448897794815e+01
1.112224448897794815e+01
1.112224448897794815e+01
1.112224448897794815e+01
1.162324649298596313e+01
1.162324649298596313e+01
1.162324649298596313e+01
1.162324649298596313e+01
1.212424849699397811e+01
1.212424849699397811e+01
1.262525050100200019e+01
1.312625250501001517e+01
1.312625250501001517e+01
1.312625250501001517e+01
1.362725450901803015e+01
1.312625250501001517e+01
1.312625250501001517e+01
1.262525050100200019e+01
1.262525050100200019e+01
1.262525050100200019e+01
1.312625250501001517e+01
1.262525050100200019e+01
1.262525050100200019e+01
1.262525050100200019e+01
1.262525050100200019e+01
1.262525050100200019e+01
1.262525050100200019e+01
1.262525050100200019e+01
1.312625250501001517e+01
1.362725450901803015e+01
1.362725450901803015e+01
1.412825651302604513e+01
1.412825651302604513e+01
1.412825651302604513e+01
1.412825651302604513e+01
1.462925851703406011e+01
1.412825651302604513e+01
1.412825651302604513e+01
1.412825651302604513e+01
1.462925851703406011e+01
1.563126252505009006e+01
1.613226452905810504e+01
1.613226452905810504e+01
1.613226452905810504e+01
1.613226452905810504e+01
1.663326653306612002e+01
1.663326653306612002e+01
1.663326653306612002e+01
1.663326653306612002e+01
1.663326653306612002e+01
1.663326653306612002e+01
1.663326653306612002e+01
1.713426853707413500e+01
1.713426853707413500e+01
1.713426853707413500e+01
1.763527054108214998e+01
1.763527054108214998e+01
1.713426853707413500e+01
1.713426853707413500e+01
1.713426853707413500e+01
1.713426853707413500e+01
1.763527054108214998e+01
1.763527054108214998e+01
1.763527054108214998e+01
1.763527054108214998e+01
1.763527054108214998e+01
1.763527054108214998e+01
1.763527054108214998e+01
1.813627254509017916e+01
1.863727454909819414e+01
1.863727454909819414e+01
2.014028056112223908e+01
2.014028056112223908e+01
2.064128256513025406e+01
2.064128256513025406e+01
2.064128256513025406e+01
2.064128256513025406e+01
2.114228456913826903e+01
2.114228456913826903e+01
2.114228456913826903e+01
2.114228456913826903e+01
2.164328657314628401e+01
2.214428857715429899e+01
2.264529058116231397e+01
2.264529058116231397e+01
2.264529058116231397e+01
2.264529058116231397e+01
2.314629258517032895e+01
2.314629258517032895e+01
2.314629258517032895e+01
2.314629258517032895e+01
2.364729458917834393e+01
2.364729458917834393e+01
2.364729458917834393e+01
2.414829659318635890e+01
2.414829659318635890e+01
2.464929859719437388e+01
2.464929859719437388e+01
2.515030060120240307e+01
2.565130260521041805e+01
2.565130260521041805e+01
2.565130260521041805e+01
2.615230460921843303e+01
2.715430861723446299e+01
2.815631262525049294e+01
2.865731462925850792e+01
2.865731462925850792e+01
2.865731462925850792e+01
2.915831663326652290e+01
2.915831663326652290e+01
2.965931863727453788e+01
2.965931863727453788e+01
2.965931863727453788e+01
3.016032064128255286e+01
3.016032064128255286e+01
3.016032064128255286e+01
3.066132264529056783e+01
3.066132264529056783e+01
3.066132264529056783e+01
3.116232464929858281e+01
3.116232464929858281e+01
3.166332665330659779e+01
3.166332665330659779e+01
3.216432865731462698e+01
3.266533066132264196e+01
3.316633266533065694e+01
3.316633266533065694e+01
3.366733466933867192e+01
3.416833667334668689e+01
3.517034068136271685e+01
3.567134268537073183e+01
3.617234468937874681e+01
3.617234468937874681e+01
3.617234468937874681e+01
3.667334669338676179e+01
3.667334669338676179e+01
3.717434869739477676e+01
3.717434869739477676e+01
3.767535070140279174e+01
3.817635270541080672e+01
3.817635270541080672e+01
3.867735470941882170e+01
3.867735470941882170e+01
3.917835671342685089e+01
3.917835671342685089e+01
3.967935871743486587e+01
3.967935871743486587e+01
4.018036072144288084e+01
4.018036072144288084e+01
4.018036072144288084e+01
4.018036072144288084e+01
4.068136272545089582e+01
4.068136272545089582e+01
4.068136272545089582e+01
3.316633266533065694e+01
3.416833667334668689e+01
1.613226452905810504e+01
1.613226452905810504e+01
1.613226452905810504e+01
1.613226452905810504e+01
1.663326653306612002e+01
1.663326653306612002e+01
1.663326653306612002e+01
1.663326653306612002e+01
1.613226452905810504e+01
1.613226452905810504e+01
1.613226452905810504e+01
1.613226452905810504e+01
1.613226452905810504e+01
1.563126252505009006e+01
1.563126252505009006e+01
1.563126252505009006e+01
1.563126252505009006e+01
1.563126252505009006e+01
1.563126252505009006e+01
1.563126252505009006e+01
1.563126252505009006e+01
1.563126252505009006e+01
1.613226452905810504e+01
1.613226452905810504e+01
1.563126252505009006e+01
1.613226452905810504e+01
1.613226452905810504e+01
1.613226452905810504e+01
1.663326653306612002e+01
1.663326653306612002e+01
1.663326653306612002e+01
1.663326653306612002e+01
1.663326653306612002e+01
1.663326653306612002e+01
1.663326653306612002e+01
1.663326653306612002e+01
1.663326653306612002e+01
1.663326653306612002e+01
1.663326653306612002e+01
1.663326653306612002e+01
1.713426853707413500e+01
1.713426853707413500e+01
1.763527054108214998e+01
1.763527054108214998e+01
1.763527054108214998e+01
1.763527054108214998e+01
1.813627254509017916e+01
1.813627254509017916e+01
1.813627254509017916e+01
1.813627254509017916e+01
1.813627254509017916e+01
1.813627254509017916e+01
1.813627254509017916e+01
1.813627254509017916e+01
1.813627254509017916e+01
1.813627254509017916e+01
1.813627254509017916e+01
1.813627254509017916e+01
1.813627254509017916e+01
1.813627254509017916e+01
1.813627254509017916e+01
1.813627254509017916e+01
1.813627254509017916e+01
1.863727454909819414e+01
1.863727454909819414e+01
1.863727454909819414e+01
1.913827655310620912e+01
1.863727454909819414e+01
1.913827655310620912e+01
1.913827655310620912e+01
1.913827655310620912e+01
1.913827655310620912e+01
1.913827655310620912e+01
1.913827655310620912e+01
1.963927855711422410e+01
2.114228456913826903e+01
2.164328657314628401e+01
2.164328657314628401e+01
2.214428857715429899e+01
2.164328657314628401e+01
2.214428857715429899e+01
2.214428857715429899e+01
2.214428857715429899e+01
2.214428857715429899e+01
2.214428857715429899e+01
2.214428857715429899e+01
2.214428857715429899e+01
2.214428857715429899e+01
2.214428857715429899e+01
2.214428857715429899e+01
2.214428857715429899e+01
2.214428857715429899e+01
2.214428857715429899e+01
2.264529058116231397e+01
2.264529058116231397e+01
2.314629258517032895e+01
2.314629258517032895e+01
2.364729458917834393e+01
2.364729458917834393e+01
2.364729458917834393e+01
2.414829659318635890e+01
2.414829659318635890e+01
2.414829659318635890e+01
2.464929859719437388e+01
2.464929859719437388e+01
2.515030060120240307e+01
2.515030060120240307e+01
2.515030060120240307e+01
2.565130260521041805e+01
2.565130260521041805e+01
2.565130260521041805e+01
2.565130260521041805e+01
2.565130260521041805e+01
2.615230460921843303e+01
2.615230460921843303e+01
2.615230460921843303e+01
2.615230460921843303e+01
2.665330661322644801e+01
2.665330661322644801e+01
2.665330661322644801e+01
2.715430861723446299e+01
2.715430861723446299e+01
2.765531062124247796e+01
2.765531062124247796e+01
2.815631262525049294e+01
2.815631262525049294e+01
2.865731462925850792e+01
2.865731462925850792e+01
2.915831663326652290e+01
2.915831663326652290e+01
2.965931863727453788e+01
2.965931863727453788e+01
3.016032064128255286e+01
3.016032064128255286e+01
3.066132264529056783e+01
3.116232464929858281e+01
3.116232464929858281e+01
3.166332665330659779e+01
3.166332665330659779e+01
3.216432865731462698e+01
3.216432865731462698e+01
3.266533066132264196e+01
3.266533066132264196e+01
3.316633266533065694e+01
3.316633266533065694e+01
3.366733466933867192e+01
3.366733466933867192e+01
3.416833667334668689e+01
3.466933867735470187e+01
3.517034068136271685e+01
3.517034068136271685e+01
3.567134268537073183e+01
3.617234468937874681e+01
3.667334669338676179e+01
3.667334669338676179e+01
3.717434869739477676e+01
3.767535070140279174e+01
3.767535070140279174e+01
3.817635270541080672e+01
3.867735470941882170e+01
3.867735470941882170e+01
3.917835671342685089e+01
3.967935871743486587e+01
3.967935871743486587e+01
4.018036072144288084e+01
4.068136272545089582e+01
4.118236472945891080e+01
4.118236472945891080e+01
4.168336673346692578e+01
4.218436873747494076e+01
4.268537074148295574e+01
4.318637274549097071e+01
4.368737474949898569e+01
4.468937875751501565e+01
4.519038076152303063e+01
4.569138276553104561e+01
4.619238476953907480e+01
4.669338677354708977e+01
4.719438877755510475e+01
4.769539078156311973e+01
4.819639278557113471e+01
4.869739478957914969e+01
4.969939879759517964e+01
5.020040080160319462e+01
5.070140280561120960e+01
5.120240480961922458e+01
5.170340681362723956e+01
5.270541082164326951e+01
5.320641282565128449e+01
5.370741482965931368e+01
5.470941883767534364e+01
5.521042084168335862e+01
5.621242484969938857e+01
5.721442885771541853e+01
5.821643286573144849e+01
5.921843687374747844e+01
5.971943887775549342e+01
6.072144288577153759e+01
6.122244488977955257e+01
6.222444889779558252e+01
6.272545090180359750e+01
6.372745490981962746e+01
6.422845691382764244e+01
6.523046092184367239e+01
6.623246492985970235e+01
6.723446893787573231e+01
6.823647294589177648e+01
6.873747494989979145e+01
6.973947895791582141e+01
7.074148296593185137e+01
7.174348697394788132e+01
7.274549098196391128e+01
7.374749498997994124e+01
7.474949899799598541e+01
7.575150300601201536e+01
7.675350701402804532e+01
7.775551102204407528e+01
7.925851703406812021e+01
8.076152304609217936e+01
8.176352705410820931e+01
1.002004008015973113e-01
1.002004008015973113e-01
1.002004008015973113e-01
1.002004008015973113e-01
1.002004008015973113e-01
1.002004008015973113e-01
1.002004008015973113e-01
1.002004008015973113e-01
1.002004008015973113e-01
-4.008016032064176670e-01
-4.008016032064176670e-01
-4.008016032064176670e-01
-4.008016032064176670e-01
-4.008016032064176670e-01
-4.008016032064176670e-01
-4.008016032064176670e-01
-4.008016032064176670e-01
-4.008016032064176670e-01
-4.008016032064176670e-01
-4.008016032064176670e-01
-4.008016032064176670e-01
-4.008016032064176670e-01
-4.008016032064176670e-01
-4.008016032064176670e-01
-4.008016032064176670e-01
-4.008016032064176670e-01
-4.008016032064176670e-01
-4.008016032064176670e-01
-4.008016032064176670e-01
-4.008016032064176670e-01
1.002004008015973113e-01
